1 162273280
2 0
3 0
4 0
6 0
9 0
10 0
11 0
12 0
13 0
14 0
16 0
17 0
18 0
19 0
20 0
21 0
22 0
23 0
24 0
25 0
26 0
27 0
28 0
29 0
30 0
31 0
32 0
33 0
51 0
144 0
145 0
146 0
147 0
148 0
149 0
459 0
462 0
463 0
464 0
466 0
467 1048576
468 0
469 0
533 0
542 0
571 0
572 0
661 163840
695 15450112
745 0
746 0
747 0
748 0
749 0
751 0
752 0
753 0
755 0
756 0
757 0
779 0
780 0
783 0
784 0
785 0
786 0
787 0
788 0
789 0
790 0
791 65536
818 1003520
821 102400
823 364544
846 0
847 0
848 0
850 466944
851 2498560
855 6250496
858 11726848
860 3874816
862 1400832
863 196608
864 495616
872 2277376
874 0
879 729088
881 491520
884 8007680
886 258048
903 4849664
914 1073152
916 1404928
926 397312
1134 2064384
1137 61440
1138 184320
5722 102400
5728 0
5734 18412032
6006 4096
6015 0
6016 0
6031 4096
141082 0
150469 0
152126 0
158751 0
